Camera matrix: 
[[492.69485234   0.         319.46814485]
 [  0.         493.68104798 244.73757329]
 [  0.           0.           1.        ]]
Distortion coefficients:
[[-0.33720536  0.16018008 -0.00104816 -0.00168161 -0.02264032]]

rvecs_test: 
[[-1.04885604]
 [-1.30478461]
 [-1.43110284]]
tvecs_test:
[[-707.72489715]
 [1179.13100003]
 [2507.22609095]]
R:
[[-0.22974224  0.97315046  0.01402473]
 [-0.07570614 -0.03223558  0.99660897]
 [ 0.97030257  0.22790142  0.08107933]]
Extrinsic matrix:
[[-2.29742236e-01  9.73150457e-01  1.40247286e-02 -7.07724897e+02]
 [-7.57061351e-02 -3.22355777e-02  9.96608975e-01  1.17913100e+03]
 [ 9.70302574e-01  2.27901416e-01  8.10793337e-02  2.50722609e+03]]
total error: 0.15917580015476215