Camera matrix: 
[[492.31263825   0.         334.18532546]
 [  0.         497.52839949 245.89750608]
 [  0.           0.           1.        ]]
Distortion coefficients:
[[-0.29542413  0.15937284 -0.00141029 -0.00195941 -0.14203973]]

rvecs_test: 
[[-1.54111577]
 [ 0.03022765]
 [ 0.01644682]]
tvecs_test:
[[-292.63069715]
 [1319.93018098]
 [3727.15788647]]
R:
[[ 0.99951624 -0.02969489  0.00924658]
 [-0.00836532  0.02966547  0.99952488]
 [-0.02995508 -0.9991187   0.02940271]]
Extrinsic matrix:
[[ 9.99516240e-01 -2.96948894e-02  9.24657945e-03 -2.92630697e+02]
 [-8.36532007e-03  2.96654727e-02  9.99524878e-01  1.31993018e+03]
 [-2.99550849e-02 -9.99118698e-01  2.94027144e-02  3.72715789e+03]]
total error: 0.11922515236206215