Camera matrix: 
[[504.53212747   0.         320.05636887]
 [  0.         511.2817571  225.10846323]
 [  0.           0.           1.        ]]
Distortion coefficients:
[[-0.29679197  0.11274593 -0.00227559  0.00339306 -0.00089054]]

rvecs_test: 
[[-1.32794506]
 [ 0.5537097 ]
 [ 0.63676182]]
tvecs_test:
[[ 348.20287727]
 [ 716.98839914]
 [4742.51350976]]
R:
[[ 0.71161611 -0.70250478  0.00946311]
 [ 0.10691586  0.12159531  0.98680473]
 [-0.69438571 -0.70121439  0.16163808]]
Extrinsic matrix:
[[ 7.11616109e-01 -7.02504778e-01  9.46310879e-03  3.48202877e+02]
 [ 1.06915859e-01  1.21595312e-01  9.86804732e-01  7.16988399e+02]
 [-6.94385709e-01 -7.01214388e-01  1.61638085e-01  4.74251351e+03]]
total error: 0.1495194780240822