Camera matrix: 
[[500.45592349   0.         324.18238966]
 [  0.         505.1918511  261.04646704]
 [  0.           0.           1.        ]]
Distortion coefficients:
[[-2.74449518e-01  1.33135478e-01  1.35914905e-04  2.39491816e-03
  -1.18909718e-01]]

rvecs_test: 
[[-1.32823211]
 [-0.59646656]
 [-0.69346637]]
tvecs_test:
[[-796.84229847]
 [ 759.85641314]
 [4238.02553739]]
R:
[[ 6.64829427e-01  7.46995009e-01 -5.38205796e-04]
 [-1.12244859e-01  1.00610768e-01  9.88574006e-01]
 [ 7.38513998e-01 -6.57172679e-01  1.50735348e-01]]
Extrinsic matrix:
[[ 6.64829427e-01  7.46995009e-01 -5.38205796e-04 -7.96842298e+02]
 [-1.12244859e-01  1.00610768e-01  9.88574006e-01  7.59856413e+02]
 [ 7.38513998e-01 -6.57172679e-01  1.50735348e-01  4.23802554e+03]]
total error: 0.18355707969262378